         454           	           0           	           
         432           	           0           	           
         506           	           0           	           
         457           	           0           	           
         466           	           0           	           
         411           	           0           	           
         465           	           0           	           
         356           	           0           	           
         315           	           0           	           
         334           	           0           	           
         310           	           0           	           
         235           	           0           	           
         116           	           0           	           
          48           	           0           	           
          13           	           0           	           
           
           
        1082           	           0           	           0           	           0           	           0           	           0           	           
        1338           	           0           	           0           	           0           	           0           	           0           	           
        1601           	           0           	           0           	           0           	           0           	           0           	           
        1527           	           0           	           0           	           0           	           0           	           0           	           
        1408           	           0           	           0           	           0           	           0           	           0           	           
        1409           	           0           	           0           	           0           	           0           	           0           	           
        1328           	           0           	           0           	           0           	           0           	           0           	           
        1106           	           0           	           0           	           0           	           0           	           0           	           
         988           	           0           	           0           	           0           	           0           	           0           	           
         866           	           0           	           0           	           0           	           0           	           0           	           
         783           	           0           	           0           	           0           	           0           	           0           	           
         602           	           0           	           0           	           0           	           0           	           0           	           
         309           	           0           	           0           	           0           	           0           	           0           	           
         114           	           0           	           0           	           0           	           0           	           0           	           
          47           	           0           	           0           	           0           	           0           	           0           	           
           
           
        1605           	           0           	           0           	           0           	           0           	           0           	           0           	           0           	           0           	           0           	           
        2229           	           0           	           0           	           0           	           0           	           0           	           0           	           0           	           0           	           0           	           
        2618           	           0           	           0           	           0           	           0           	           0           	           0           	           0           	           0           	           0           	           
        2733           	           0           	           0           	           0           	           0           	           0           	           0           	           0           	           0           	           0           	           
        2334           	           0           	           0           	           0           	           0           	           0           	           0           	           0           	           0           	           0           	           
        2340           	           0           	           0           	           0           	           0           	           0           	           0           	           0           	           0           	           0           	           
        2217           	           0           	           0           	           0           	           0           	           0           	           0           	           0           	           0           	           0           	           
        1948           	           0           	           0           	           0           	           0           	           0           	           0           	           0           	           0           	           0           	           
        1685           	           0           	           0           	           0           	           0           	           0           	           0           	           0           	           0           	           0           	           
        1464           	           0           	           0           	           0           	           0           	           0           	           0           	           0           	           0           	           0           	           
        1235           	           0           	           0           	           0           	           0           	           0           	           0           	           0           	           0           	           0           	           
        1036           	           0           	           0           	           0           	           0           	           0           	           0           	           0           	           0           	           0           	           
         566           	           0           	           0           	           0           	           0           	           0           	           0           	           0           	           0           	           0           	           
         213           	           0           	           0           	           0           	           0           	           0           	           0           	           0           	           0           	           0           	           
          70           	           0           	           0           	           0           	           0           	           0           	           0           	           0           	           0           	           0           	           
           
           
        2108           	           0           	           0           	           0           	           0           	           0           	           0           	           0           	           0           	           0           	           0           	           0           	           0           	           0           	           
        3347           	           0           	           0           	           0           	           0           	           0           	           0           	           0           	           0           	           0           	           0           	           0           	           0           	           0           	           
        3993           	           0           	           0           	           0           	           0           	           0           	           0           	           0           	           0           	           0           	           0           	           0           	           0           	           0           	           
        3647           	           0           	           0           	           0           	           0           	           0           	           0           	           0           	           0           	           0           	           0           	           0           	           0           	           0           	           
        3526           	           0           	           0           	           0           	           0           	           0           	           0           	           0           	           0           	           0           	           0           	           0           	           0           	           0           	           
        2992           	           0           	           0           	           0           	           0           	           0           	           0           	           0           	           0           	           0           	           0           	           0           	           0           	           0           	           
        2757           	           0           	           0           	           0           	           0           	           0           	           0           	           0           	           0           	           0           	           0           	           0           	           0           	           0           	           
        2541           	           0           	           0           	           0           	           0           	           0           	           0           	           0           	           0           	           0           	           0           	           0           	           0           	           0           	           
        2344           	           0           	           0           	           0           	           0           	           0           	           0           	           0           	           0           	           0           	           0           	           0           	           0           	           0           	           
        2069           	           0           	           0           	           0           	           0           	           0           	           0           	           0           	           0           	           0           	           0           	           0           	           0           	           0           	           
        1812           	           0           	           0           	           0           	           0           	           0           	           0           	           0           	           0           	           0           	           0           	           0           	           0           	           0           	           
        1272           	           0           	           0           	           0           	           0           	           0           	           0           	           0           	           0           	           0           	           0           	           0           	           0           	           0           	           
         688           	           0           	           0           	           0           	           0           	           0           	           0           	           0           	           0           	           0           	           0           	           0           	           0           	           0           	           
         346           	           0           	           0           	           0           	           0           	           0           	           0           	           0           	           0           	           0           	           0           	           0           	           0           	           0           	           
          76           	           0           	           0           	           0           	           0           	           0           	           0           	           0           	           0           	           0           	           0           	           0           	           0           	           0           	           
           
           
        2757           	           0           	           0           	           0           	           0           	           0           	           0           	           0           	           0           	           0           	           0           	           0           	           0           	           0           	           0           	           0           	           0           	           0           	           
        4576           	           0           	           0           	           0           	           0           	           0           	           0           	           0           	           0           	           0           	           0           	           0           	           0           	           0           	           0           	           0           	           0           	           0           	           
        4679           	           0           	           0           	           0           	           0           	           0           	           0           	           0           	           0           	           0           	           0           	           0           	           0           	           0           	           0           	           0           	           0           	           0           	           
        4631           	           0           	           0           	           0           	           0           	           0           	           0           	           0           	           0           	           0           	           0           	           0           	           0           	           0           	           0           	           0           	           0           	           0           	           
        4517           	           0           	           0           	           0           	           0           	           0           	           0           	           0           	           0           	           0           	           0           	           0           	           0           	           0           	           0           	           0           	           0           	           0           	           
        4170           	           0           	           0           	           0           	           0           	           0           	           0           	           0           	           0           	           0           	           0           	           0           	           0           	           0           	           0           	           0           	           0           	           0           	           
        3658           	           0           	           0           	           0           	           0           	           0           	           0           	           0           	           0           	           0           	           0           	           0           	           0           	           0           	           0           	           0           	           0           	           0           	           
        3703           	           0           	           0           	           0           	           0           	           0           	           0           	           0           	           0           	           0           	           0           	           0           	           0           	           0           	           0           	           0           	           0           	           0           	           
        3325           	           0           	           0           	           0           	           0           	           0           	           0           	           0           	           0           	           0           	           0           	           0           	           0           	           0           	           0           	           0           	           0           	           0           	           
        3002           	           0           	           0           	           0           	           0           	           0           	           0           	           0           	           0           	           0           	           0           	           0           	           0           	           0           	           0           	           0           	           0           	           0           	           
        2630           	           0           	           0           	           0           	           0           	           0           	           0           	           0           	           0           	           0           	           0           	           0           	           0           	           0           	           0           	           0           	           0           	           0           	           
        1735           	           0           	           0           	           0           	           0           	           0           	           0           	           0           	           0           	           0           	           0           	           0           	           0           	           0           	           0           	           0           	           0           	           0           	           
         834           	           0           	           0           	           0           	           0           	           0           	           0           	           0           	           0           	           0           	           0           	           0           	           0           	           0           	           0           	           0           	           0           	           0           	           
         345           	           0           	           0           	           0           	           0           	           0           	           0           	           0           	           0           	           0           	           0           	           0           	           0           	           0           	           0           	           0           	           0           	           0           	           
          75           	           0           	           0           	           0           	           0           	           0           	           0           	           0           	           0           	           0           	           0           	           0           	           0           	           0           	           0           	           0           	           0           	           0           	           
           
           
        3372           	           0           	           0           	           0           	           0           	           0           	           0           	           0           	           0           	           0           	           0           	           0           	           0           	           0           	           0           	           0           	           0           	           0           	           0           	           0           	           0           	           0           	           
        5768           	           0           	           0           	           0           	           0           	           0           	           0           	           0           	           0           	           0           	           0           	           0           	           0           	           0           	           0           	           0           	           0           	           0           	           0           	           0           	           0           	           0           	           
        4646           	           0           	           0           	           0           	           0           	           0           	           0           	           0           	           0           	           0           	           0           	           0           	           0           	           0           	           0           	           0           	           0           	           0           	           0           	           0           	           0           	           0           	           
        4276           	           0           	           0           	           0           	           0           	           0           	           0           	           0           	           0           	           0           	           0           	           0           	           0           	           0           	           0           	           0           	           0           	           0           	           0           	           0           	           0           	           0           	           
        6026           	           0           	           0           	           0           	           0           	           0           	           0           	           0           	           0           	           0           	           0           	           0           	           0           	           0           	           0           	           0           	           0           	           0           	           0           	           0           	           0           	           0           	           
        6030           	           0           	           0           	           0           	           0           	           0           	           0           	           0           	           0           	           0           	           0           	           0           	           0           	           0           	           0           	           0           	           0           	           0           	           0           	           0           	           0           	           0           	           
        6103           	           0           	           0           	           0           	           0           	           0           	           0           	           0           	           0           	           0           	           0           	           0           	           0           	           0           	           0           	           0           	           0           	           0           	           0           	           0           	           0           	           0           	           
        5865           	           0           	           0           	           0           	           0           	           0           	           0           	           0           	           0           	           0           	           0           	           0           	           0           	           0           	           0           	           0           	           0           	           0           	           0           	           0           	           0           	           0           	           
        5364           	           0           	           0           	           0           	           0           	           0           	           0           	           0           	           0           	           0           	           0           	           0           	           0           	           0           	           0           	           0           	           0           	           0           	           0           	           0           	           0           	           0           	           
        4626           	           0           	           0           	           0           	           0           	           0           	           0           	           0           	           0           	           0           	           0           	           0           	           0           	           0           	           0           	           0           	           0           	           0           	           0           	           0           	           0           	           0           	           
        3271           	           0           	           0           	           0           	           0           	           0           	           0           	           0           	           0           	           0           	           0           	           0           	           0           	           0           	           0           	           0           	           0           	           0           	           0           	           0           	           0           	           0           	           
        1727           	           0           	           0           	           0           	           0           	           0           	           0           	           0           	           0           	           0           	           0           	           0           	           0           	           0           	           0           	           0           	           0           	           0           	           0           	           0           	           0           	           0           	           
         694           	           0           	           0           	           0           	           0           	           0           	           0           	           0           	           0           	           0           	           0           	           0           	           0           	           0           	           0           	           0           	           0           	           0           	           0           	           0           	           0           	           0           	           
         307           	           0           	           0           	           0           	           0           	           0           	           0           	           0           	           0           	           0           	           0           	           0           	           0           	           0           	           0           	           0           	           0           	           0           	           0           	           0           	           0           	           0           	           
          50           	           0           	           0           	           0           	           0           	           0           	           0           	           0           	           0           	           0           	           0           	           0           	           0           	           0           	           0           	           0           	           0           	           0           	           0           	           0           	           0           	           0           	           
           
           
