           0          		         180          		           
           0          		         180          		           
           0          		         180          		           
           0          		         180          		           
           0          		         180          		           
           0          		         180          		           
           0          		         180          		           
           0          		         180          		           
           0          		         180          		           
           0          		         180          		           
           0          		         180          		           
           0          		         180          		           
           0          		         180          		           
           0          		         180          		           
           0          		         180          		           
           
           
           0          		          60          		         120          		         180          		         240          		         300          		           
           0          		          60          		         120          		         180          		         240          		         300          		           
           0          		          60          		         120          		         180          		         240          		         300          		           
           0          		          60          		         120          		         180          		         240          		         300          		           
           0          		          60          		         120          		         180          		         240          		         300          		           
           0          		          60          		         120          		         180          		         240          		         300          		           
           0          		          60          		         120          		         180          		         240          		         300          		           
           0          		          60          		         120          		         180          		         240          		         300          		           
           0          		          60          		         120          		         180          		         240          		         300          		           
           0          		          60          		         120          		         180          		         240          		         300          		           
           0          		          60          		         120          		         180          		         240          		         300          		           
           0          		          60          		         120          		         180          		         240          		         300          		           
           0          		          60          		         120          		         180          		         240          		         300          		           
           0          		          60          		         120          		         180          		         240          		         300          		           
           0          		          60          		         120          		         180          		         240          		         300          		           
           
           
           0          		          36          		          72          		         108          		         144          		         180          		         216          		         252          		         288          		         324          		           
           0          		          36          		          72          		         108          		         144          		         180          		         216          		         252          		         288          		         324          		           
           0          		          36          		          72          		         108          		         144          		         180          		         216          		         252          		         288          		         324          		           
           0          		          36          		          72          		         108          		         144          		         180          		         216          		         252          		         288          		         324          		           
           0          		          36          		          72          		         108          		         144          		         180          		         216          		         252          		         288          		         324          		           
           0          		          36          		          72          		         108          		         144          		         180          		         216          		         252          		         288          		         324          		           
           0          		          36          		          72          		         108          		         144          		         180          		         216          		         252          		         288          		         324          		           
           0          		          36          		          72          		         108          		         144          		         180          		         216          		         252          		         288          		         324          		           
           0          		          36          		          72          		         108          		         144          		         180          		         216          		         252          		         288          		         324          		           
           0          		          36          		          72          		         108          		         144          		         180          		         216          		         252          		         288          		         324          		           
           0          		          36          		          72          		         108          		         144          		         180          		         216          		         252          		         288          		         324          		           
           0          		          36          		          72          		         108          		         144          		         180          		         216          		         252          		         288          		         324          		           
           0          		          36          		          72          		         108          		         144          		         180          		         216          		         252          		         288          		         324          		           
           0          		          36          		          72          		         108          		         144          		         180          		         216          		         252          		         288          		         324          		           
           0          		          36          		          72          		         108          		         144          		         180          		         216          		         252          		         288          		         324          		           
           
           
           0          		     25.7143          		     51.4286          		     77.1429          		     102.857          		     128.571          		     154.286          		         180          		     205.714          		     231.429          		     257.143          		     282.857          		     308.571          		     334.286          		           
           0          		     25.7143          		     51.4286          		     77.1429          		     102.857          		     128.571          		     154.286          		         180          		     205.714          		     231.429          		     257.143          		     282.857          		     308.571          		     334.286          		           
           0          		     25.7143          		     51.4286          		     77.1429          		     102.857          		     128.571          		     154.286          		         180          		     205.714          		     231.429          		     257.143          		     282.857          		     308.571          		     334.286          		           
           0          		     25.7143          		     51.4286          		     77.1429          		     102.857          		     128.571          		     154.286          		         180          		     205.714          		     231.429          		     257.143          		     282.857          		     308.571          		     334.286          		           
           0          		     25.7143          		     51.4286          		     77.1429          		     102.857          		     128.571          		     154.286          		         180          		     205.714          		     231.429          		     257.143          		     282.857          		     308.571          		     334.286          		           
           0          		     25.7143          		     51.4286          		     77.1429          		     102.857          		     128.571          		     154.286          		         180          		     205.714          		     231.429          		     257.143          		     282.857          		     308.571          		     334.286          		           
           0          		     25.7143          		     51.4286          		     77.1429          		     102.857          		     128.571          		     154.286          		         180          		     205.714          		     231.429          		     257.143          		     282.857          		     308.571          		     334.286          		           
           0          		     25.7143          		     51.4286          		     77.1429          		     102.857          		     128.571          		     154.286          		         180          		     205.714          		     231.429          		     257.143          		     282.857          		     308.571          		     334.286          		           
           0          		     25.7143          		     51.4286          		     77.1429          		     102.857          		     128.571          		     154.286          		         180          		     205.714          		     231.429          		     257.143          		     282.857          		     308.571          		     334.286          		           
           0          		     25.7143          		     51.4286          		     77.1429          		     102.857          		     128.571          		     154.286          		         180          		     205.714          		     231.429          		     257.143          		     282.857          		     308.571          		     334.286          		           
           0          		     25.7143          		     51.4286          		     77.1429          		     102.857          		     128.571          		     154.286          		         180          		     205.714          		     231.429          		     257.143          		     282.857          		     308.571          		     334.286          		           
           0          		     25.7143          		     51.4286          		     77.1429          		     102.857          		     128.571          		     154.286          		         180          		     205.714          		     231.429          		     257.143          		     282.857          		     308.571          		     334.286          		           
           0          		     25.7143          		     51.4286          		     77.1429          		     102.857          		     128.571          		     154.286          		         180          		     205.714          		     231.429          		     257.143          		     282.857          		     308.571          		     334.286          		           
           0          		     25.7143          		     51.4286          		     77.1429          		     102.857          		     128.571          		     154.286          		         180          		     205.714          		     231.429          		     257.143          		     282.857          		     308.571          		     334.286          		           
           0          		     25.7143          		     51.4286          		     77.1429          		     102.857          		     128.571          		     154.286          		         180          		     205.714          		     231.429          		     257.143          		     282.857          		     308.571          		     334.286          		           
           
           
           0          		          20          		          40          		          60          		          80          		         100          		         120          		         140          		         160          		         180          		         200          		         220          		         240          		         260          		         280          		         300          		         320          		         340          		           
           0          		          20          		          40          		          60          		          80          		         100          		         120          		         140          		         160          		         180          		         200          		         220          		         240          		         260          		         280          		         300          		         320          		         340          		           
           0          		          20          		          40          		          60          		          80          		         100          		         120          		         140          		         160          		         180          		         200          		         220          		         240          		         260          		         280          		         300          		         320          		         340          		           
           0          		          20          		          40          		          60          		          80          		         100          		         120          		         140          		         160          		         180          		         200          		         220          		         240          		         260          		         280          		         300          		         320          		         340          		           
           0          		          20          		          40          		          60          		          80          		         100          		         120          		         140          		         160          		         180          		         200          		         220          		         240          		         260          		         280          		         300          		         320          		         340          		           
           0          		          20          		          40          		          60          		          80          		         100          		         120          		         140          		         160          		         180          		         200          		         220          		         240          		         260          		         280          		         300          		         320          		         340          		           
           0          		          20          		          40          		          60          		          80          		         100          		         120          		         140          		         160          		         180          		         200          		         220          		         240          		         260          		         280          		         300          		         320          		         340          		           
           0          		          20          		          40          		          60          		          80          		         100          		         120          		         140          		         160          		         180          		         200          		         220          		         240          		         260          		         280          		         300          		         320          		         340          		           
           0          		          20          		          40          		          60          		          80          		         100          		         120          		         140          		         160          		         180          		         200          		         220          		         240          		         260          		         280          		         300          		         320          		         340          		           
           0          		          20          		          40          		          60          		          80          		         100          		         120          		         140          		         160          		         180          		         200          		         220          		         240          		         260          		         280          		         300          		         320          		         340          		           
           0          		          20          		          40          		          60          		          80          		         100          		         120          		         140          		         160          		         180          		         200          		         220          		         240          		         260          		         280          		         300          		         320          		         340          		           
           0          		          20          		          40          		          60          		          80          		         100          		         120          		         140          		         160          		         180          		         200          		         220          		         240          		         260          		         280          		         300          		         320          		         340          		           
           0          		          20          		          40          		          60          		          80          		         100          		         120          		         140          		         160          		         180          		         200          		         220          		         240          		         260          		         280          		         300          		         320          		         340          		           
           0          		          20          		          40          		          60          		          80          		         100          		         120          		         140          		         160          		         180          		         200          		         220          		         240          		         260          		         280          		         300          		         320          		         340          		           
           0          		          20          		          40          		          60          		          80          		         100          		         120          		         140          		         160          		         180          		         200          		         220          		         240          		         260          		         280          		         300          		         320          		         340          		           
           
           
           0          		     16.3636          		     32.7273          		     49.0909          		     65.4545          		     81.8182          		     98.1818          		     114.545          		     130.909          		     147.273          		     163.636          		         180          		     196.364          		     212.727          		     229.091          		     245.455          		     261.818          		     278.182          		     294.545          		     310.909          		     327.273          		     343.636          		           
           0          		     16.3636          		     32.7273          		     49.0909          		     65.4545          		     81.8182          		     98.1818          		     114.545          		     130.909          		     147.273          		     163.636          		         180          		     196.364          		     212.727          		     229.091          		     245.455          		     261.818          		     278.182          		     294.545          		     310.909          		     327.273          		     343.636          		           
           0          		     16.3636          		     32.7273          		     49.0909          		     65.4545          		     81.8182          		     98.1818          		     114.545          		     130.909          		     147.273          		     163.636          		         180          		     196.364          		     212.727          		     229.091          		     245.455          		     261.818          		     278.182          		     294.545          		     310.909          		     327.273          		     343.636          		           
           0          		     16.3636          		     32.7273          		     49.0909          		     65.4545          		     81.8182          		     98.1818          		     114.545          		     130.909          		     147.273          		     163.636          		         180          		     196.364          		     212.727          		     229.091          		     245.455          		     261.818          		     278.182          		     294.545          		     310.909          		     327.273          		     343.636          		           
           0          		     16.3636          		     32.7273          		     49.0909          		     65.4545          		     81.8182          		     98.1818          		     114.545          		     130.909          		     147.273          		     163.636          		         180          		     196.364          		     212.727          		     229.091          		     245.455          		     261.818          		     278.182          		     294.545          		     310.909          		     327.273          		     343.636          		           
           0          		     16.3636          		     32.7273          		     49.0909          		     65.4545          		     81.8182          		     98.1818          		     114.545          		     130.909          		     147.273          		     163.636          		         180          		     196.364          		     212.727          		     229.091          		     245.455          		     261.818          		     278.182          		     294.545          		     310.909          		     327.273          		     343.636          		           
           0          		     16.3636          		     32.7273          		     49.0909          		     65.4545          		     81.8182          		     98.1818          		     114.545          		     130.909          		     147.273          		     163.636          		         180          		     196.364          		     212.727          		     229.091          		     245.455          		     261.818          		     278.182          		     294.545          		     310.909          		     327.273          		     343.636          		           
           0          		     16.3636          		     32.7273          		     49.0909          		     65.4545          		     81.8182          		     98.1818          		     114.545          		     130.909          		     147.273          		     163.636          		         180          		     196.364          		     212.727          		     229.091          		     245.455          		     261.818          		     278.182          		     294.545          		     310.909          		     327.273          		     343.636          		           
           0          		     16.3636          		     32.7273          		     49.0909          		     65.4545          		     81.8182          		     98.1818          		     114.545          		     130.909          		     147.273          		     163.636          		         180          		     196.364          		     212.727          		     229.091          		     245.455          		     261.818          		     278.182          		     294.545          		     310.909          		     327.273          		     343.636          		           
           0          		     16.3636          		     32.7273          		     49.0909          		     65.4545          		     81.8182          		     98.1818          		     114.545          		     130.909          		     147.273          		     163.636          		         180          		     196.364          		     212.727          		     229.091          		     245.455          		     261.818          		     278.182          		     294.545          		     310.909          		     327.273          		     343.636          		           
           0          		     16.3636          		     32.7273          		     49.0909          		     65.4545          		     81.8182          		     98.1818          		     114.545          		     130.909          		     147.273          		     163.636          		         180          		     196.364          		     212.727          		     229.091          		     245.455          		     261.818          		     278.182          		     294.545          		     310.909          		     327.273          		     343.636          		           
           0          		     16.3636          		     32.7273          		     49.0909          		     65.4545          		     81.8182          		     98.1818          		     114.545          		     130.909          		     147.273          		     163.636          		         180          		     196.364          		     212.727          		     229.091          		     245.455          		     261.818          		     278.182          		     294.545          		     310.909          		     327.273          		     343.636          		           
           0          		     16.3636          		     32.7273          		     49.0909          		     65.4545          		     81.8182          		     98.1818          		     114.545          		     130.909          		     147.273          		     163.636          		         180          		     196.364          		     212.727          		     229.091          		     245.455          		     261.818          		     278.182          		     294.545          		     310.909          		     327.273          		     343.636          		           
           0          		     16.3636          		     32.7273          		     49.0909          		     65.4545          		     81.8182          		     98.1818          		     114.545          		     130.909          		     147.273          		     163.636          		         180          		     196.364          		     212.727          		     229.091          		     245.455          		     261.818          		     278.182          		     294.545          		     310.909          		     327.273          		     343.636          		           
           0          		     16.3636          		     32.7273          		     49.0909          		     65.4545          		     81.8182          		     98.1818          		     114.545          		     130.909          		     147.273          		     163.636          		         180          		     196.364          		     212.727          		     229.091          		     245.455          		     261.818          		     278.182          		     294.545          		     310.909          		     327.273          		     343.636          		           
           
           
