   0.0048143          		           0          		           
     1.10666          		           0          		           
      1.1464          		           0          		           
    0.429082          		           0          		           
    -2.41552          		           0          		           
     -1.0898          		           0          		           
   -0.245997          		           0          		           
   -0.107096          		           0          		           
    -3.59106          		           0          		           
      4.4677          		           0          		           
    0.335565          		           0          		           
     1.69292          		           0          		           
    -8.64358          		           0          		           
   0.0932656          		           0          		           
     4.57624          		           0          		           
           
           
   -0.193187          		           0          		           0          		           0          		           0          		           0          		           
     1.53356          		           0          		           0          		           0          		           0          		           0          		           
    0.955998          		           0          		           0          		           0          		           0          		           0          		           
   -0.998947          		           0          		           0          		           0          		           0          		           0          		           
    -1.32465          		           0          		           0          		           0          		           0          		           0          		           
  -0.0664683          		           0          		           0          		           0          		           0          		           0          		           
    -1.64488          		           0          		           0          		           0          		           0          		           0          		           
   -0.477513          		           0          		           0          		           0          		           0          		           0          		           
    -1.66312          		           0          		           0          		           0          		           0          		           0          		           
     1.12026          		           0          		           0          		           0          		           0          		           0          		           
      2.1951          		           0          		           0          		           0          		           0          		           0          		           
     1.76527          		           0          		           0          		           0          		           0          		           0          		           
     1.79847          		           0          		           0          		           0          		           0          		           0          		           
     1.04624          		           0          		           0          		           0          		           0          		           0          		           
    -4.58122          		           0          		           0          		           0          		           0          		           0          		           
           
           
     1.45753          		           0          		           0          		           0          		           0          		           0          		           0          		           0          		           0          		           0          		           
     2.39364          		           0          		           0          		           0          		           0          		           0          		           0          		           0          		           0          		           0          		           
     1.55179          		           0          		           0          		           0          		           0          		           0          		           0          		           0          		           0          		           0          		           
    -1.82711          		           0          		           0          		           0          		           0          		           0          		           0          		           0          		           0          		           0          		           
    -2.04367          		           0          		           0          		           0          		           0          		           0          		           0          		           0          		           0          		           0          		           
    -0.92565          		           0          		           0          		           0          		           0          		           0          		           0          		           0          		           0          		           0          		           
    -1.44633          		           0          		           0          		           0          		           0          		           0          		           0          		           0          		           0          		           0          		           
   -0.819409          		           0          		           0          		           0          		           0          		           0          		           0          		           0          		           0          		           0          		           
   -0.711328          		           0          		           0          		           0          		           0          		           0          		           0          		           0          		           0          		           0          		           
     1.75949          		           0          		           0          		           0          		           0          		           0          		           0          		           0          		           0          		           0          		           
      2.8032          		           0          		           0          		           0          		           0          		           0          		           0          		           0          		           0          		           0          		           
     2.73941          		           0          		           0          		           0          		           0          		           0          		           0          		           0          		           0          		           0          		           
    0.720648          		           0          		           0          		           0          		           0          		           0          		           0          		           0          		           0          		           0          		           
    -2.99687          		           0          		           0          		           0          		           0          		           0          		           0          		           0          		           0          		           0          		           
    -3.43825          		           0          		           0          		           0          		           0          		           0          		           0          		           0          		           0          		           0          		           
           
           
     2.84991          		           0          		           0          		           0          		           0          		           0          		           0          		           0          		           0          		           0          		           0          		           0          		           0          		           0          		           
     2.65124          		           0          		           0          		           0          		           0          		           0          		           0          		           0          		           0          		           0          		           0          		           0          		           0          		           0          		           
  -0.0463854          		           0          		           0          		           0          		           0          		           0          		           0          		           0          		           0          		           0          		           0          		           0          		           0          		           0          		           
    -2.22402          		           0          		           0          		           0          		           0          		           0          		           0          		           0          		           0          		           0          		           0          		           0          		           0          		           0          		           
    -1.94429          		           0          		           0          		           0          		           0          		           0          		           0          		           0          		           0          		           0          		           0          		           0          		           0          		           0          		           
    -1.05792          		           0          		           0          		           0          		           0          		           0          		           0          		           0          		           0          		           0          		           0          		           0          		           0          		           0          		           
   -0.706943          		           0          		           0          		           0          		           0          		           0          		           0          		           0          		           0          		           0          		           0          		           0          		           0          		           0          		           
    -1.61028          		           0          		           0          		           0          		           0          		           0          		           0          		           0          		           0          		           0          		           0          		           0          		           0          		           0          		           
    -1.08876          		           0          		           0          		           0          		           0          		           0          		           0          		           0          		           0          		           0          		           0          		           0          		           0          		           0          		           
    0.304572          		           0          		           0          		           0          		           0          		           0          		           0          		           0          		           0          		           0          		           0          		           0          		           0          		           0          		           
     3.13514          		           0          		           0          		           0          		           0          		           0          		           0          		           0          		           0          		           0          		           0          		           0          		           0          		           0          		           
     3.37995          		           0          		           0          		           0          		           0          		           0          		           0          		           0          		           0          		           0          		           0          		           0          		           0          		           0          		           
     1.49199          		           0          		           0          		           0          		           0          		           0          		           0          		           0          		           0          		           0          		           0          		           0          		           0          		           0          		           
    -0.93637          		           0          		           0          		           0          		           0          		           0          		           0          		           0          		           0          		           0          		           0          		           0          		           0          		           0          		           
     -13.446          		           0          		           0          		           0          		           0          		           0          		           0          		           0          		           0          		           0          		           0          		           0          		           0          		           0          		           
           
           
     3.31159          		           0          		           0          		           0          		           0          		           0          		           0          		           0          		           0          		           0          		           0          		           0          		           0          		           0          		           0          		           0          		           0          		           0          		           
     2.72054          		           0          		           0          		           0          		           0          		           0          		           0          		           0          		           0          		           0          		           0          		           0          		           0          		           0          		           0          		           0          		           0          		           0          		           
    -1.10036          		           0          		           0          		           0          		           0          		           0          		           0          		           0          		           0          		           0          		           0          		           0          		           0          		           0          		           0          		           0          		           0          		           0          		           
    -2.03086          		           0          		           0          		           0          		           0          		           0          		           0          		           0          		           0          		           0          		           0          		           0          		           0          		           0          		           0          		           0          		           0          		           0          		           
    -1.05899          		           0          		           0          		           0          		           0          		           0          		           0          		           0          		           0          		           0          		           0          		           0          		           0          		           0          		           0          		           0          		           0          		           0          		           
   -0.615079          		           0          		           0          		           0          		           0          		           0          		           0          		           0          		           0          		           0          		           0          		           0          		           0          		           0          		           0          		           0          		           0          		           0          		           
    -0.64051          		           0          		           0          		           0          		           0          		           0          		           0          		           0          		           0          		           0          		           0          		           0          		           0          		           0          		           0          		           0          		           0          		           0          		           
     -1.1757          		           0          		           0          		           0          		           0          		           0          		           0          		           0          		           0          		           0          		           0          		           0          		           0          		           0          		           0          		           0          		           0          		           0          		           
    -1.19754          		           0          		           0          		           0          		           0          		           0          		           0          		           0          		           0          		           0          		           0          		           0          		           0          		           0          		           0          		           0          		           0          		           0          		           
     1.15964          		           0          		           0          		           0          		           0          		           0          		           0          		           0          		           0          		           0          		           0          		           0          		           0          		           0          		           0          		           0          		           0          		           0          		           
     2.50243          		           0          		           0          		           0          		           0          		           0          		           0          		           0          		           0          		           0          		           0          		           0          		           0          		           0          		           0          		           0          		           0          		           0          		           
     2.72596          		           0          		           0          		           0          		           0          		           0          		           0          		           0          		           0          		           0          		           0          		           0          		           0          		           0          		           0          		           0          		           0          		           0          		           
    0.570255          		           0          		           0          		           0          		           0          		           0          		           0          		           0          		           0          		           0          		           0          		           0          		           0          		           0          		           0          		           0          		           0          		           0          		           
    -5.38709          		           0          		           0          		           0          		           0          		           0          		           0          		           0          		           0          		           0          		           0          		           0          		           0          		           0          		           0          		           0          		           0          		           0          		           
    -7.83229          		           0          		           0          		           0          		           0          		           0          		           0          		           0          		           0          		           0          		           0          		           0          		           0          		           0          		           0          		           0          		           0          		           0          		           
           
           
      1.4349          		           0          		           0          		           0          		           0          		           0          		           0          		           0          		           0          		           0          		           0          		           0          		           0          		           0          		           0          		           0          		           0          		           0          		           0          		           0          		           0          		           0          		           
    0.652809          		           0          		           0          		           0          		           0          		           0          		           0          		           0          		           0          		           0          		           0          		           0          		           0          		           0          		           0          		           0          		           0          		           0          		           0          		           0          		           0          		           0          		           
    -1.01397          		           0          		           0          		           0          		           0          		           0          		           0          		           0          		           0          		           0          		           0          		           0          		           0          		           0          		           0          		           0          		           0          		           0          		           0          		           0          		           0          		           0          		           
   -0.439217          		           0          		           0          		           0          		           0          		           0          		           0          		           0          		           0          		           0          		           0          		           0          		           0          		           0          		           0          		           0          		           0          		           0          		           0          		           0          		           0          		           0          		           
   -0.098517          		           0          		           0          		           0          		           0          		           0          		           0          		           0          		           0          		           0          		           0          		           0          		           0          		           0          		           0          		           0          		           0          		           0          		           0          		           0          		           0          		           0          		           
   -0.320046          		           0          		           0          		           0          		           0          		           0          		           0          		           0          		           0          		           0          		           0          		           0          		           0          		           0          		           0          		           0          		           0          		           0          		           0          		           0          		           0          		           0          		           
    -0.17232          		           0          		           0          		           0          		           0          		           0          		           0          		           0          		           0          		           0          		           0          		           0          		           0          		           0          		           0          		           0          		           0          		           0          		           0          		           0          		           0          		           0          		           
   -0.276114          		           0          		           0          		           0          		           0          		           0          		           0          		           0          		           0          		           0          		           0          		           0          		           0          		           0          		           0          		           0          		           0          		           0          		           0          		           0          		           0          		           0          		           
   -0.137503          		           0          		           0          		           0          		           0          		           0          		           0          		           0          		           0          		           0          		           0          		           0          		           0          		           0          		           0          		           0          		           0          		           0          		           0          		           0          		           0          		           0          		           
    0.273632          		           0          		           0          		           0          		           0          		           0          		           0          		           0          		           0          		           0          		           0          		           0          		           0          		           0          		           0          		           0          		           0          		           0          		           0          		           0          		           0          		           0          		           
    0.197425          		           0          		           0          		           0          		           0          		           0          		           0          		           0          		           0          		           0          		           0          		           0          		           0          		           0          		           0          		           0          		           0          		           0          		           0          		           0          		           0          		           0          		           
    0.910653          		           0          		           0          		           0          		           0          		           0          		           0          		           0          		           0          		           0          		           0          		           0          		           0          		           0          		           0          		           0          		           0          		           0          		           0          		           0          		           0          		           0          		           
  -0.0151617          		           0          		           0          		           0          		           0          		           0          		           0          		           0          		           0          		           0          		           0          		           0          		           0          		           0          		           0          		           0          		           0          		           0          		           0          		           0          		           0          		           0          		           
    -2.17609          		           0          		           0          		           0          		           0          		           0          		           0          		           0          		           0          		           0          		           0          		           0          		           0          		           0          		           0          		           0          		           0          		           0          		           0          		           0          		           0          		           0          		           
     -4.5489          		           0          		           0          		           0          		           0          		           0          		           0          		           0          		           0          		           0          		           0          		           0          		           0          		           0          		           0          		           0          		           0          		           0          		           0          		           0          		           0          		           0          		           
           
           
