   0.0674664          		           0          		           
    0.299368          		           0          		           
   -0.800352          		           0          		           
  -0.0107876          		           0          		           
     1.50402          		           0          		           
     1.24838          		           0          		           
    0.346654          		           0          		           
     1.39679          		           0          		           
     -1.1678          		           0          		           
    0.616544          		           0          		           
     1.07656          		           0          		           
    0.127447          		           0          		           
     2.68107          		           0          		           
      4.9845          		           0          		           
     1.08255          		           0          		           
           
           
   -0.454538          		           0          		           0          		           0          		           0          		           0          		           
   -0.061944          		           0          		           0          		           0          		           0          		           0          		           
   -0.663224          		           0          		           0          		           0          		           0          		           0          		           
    0.729873          		           0          		           0          		           0          		           0          		           0          		           
    0.173869          		           0          		           0          		           0          		           0          		           0          		           
   -0.956727          		           0          		           0          		           0          		           0          		           0          		           
    0.224522          		           0          		           0          		           0          		           0          		           0          		           
   -0.189254          		           0          		           0          		           0          		           0          		           0          		           
   -0.113683          		           0          		           0          		           0          		           0          		           0          		           
   -0.710874          		           0          		           0          		           0          		           0          		           0          		           
    0.891763          		           0          		           0          		           0          		           0          		           0          		           
     1.31271          		           0          		           0          		           0          		           0          		           0          		           
    -2.82943          		           0          		           0          		           0          		           0          		           0          		           
     4.30559          		           0          		           0          		           0          		           0          		           0          		           
    -2.87729          		           0          		           0          		           0          		           0          		           0          		           
           
           
  -0.0408839          		           0          		           0          		           0          		           0          		           0          		           0          		           0          		           0          		           0          		           
    0.132331          		           0          		           0          		           0          		           0          		           0          		           0          		           0          		           0          		           0          		           
    0.695218          		           0          		           0          		           0          		           0          		           0          		           0          		           0          		           0          		           0          		           
    0.357402          		           0          		           0          		           0          		           0          		           0          		           0          		           0          		           0          		           0          		           
    0.881468          		           0          		           0          		           0          		           0          		           0          		           0          		           0          		           0          		           0          		           
   -0.929092          		           0          		           0          		           0          		           0          		           0          		           0          		           0          		           0          		           0          		           
    0.684639          		           0          		           0          		           0          		           0          		           0          		           0          		           0          		           0          		           0          		           
    0.894686          		           0          		           0          		           0          		           0          		           0          		           0          		           0          		           0          		           0          		           
    0.710888          		           0          		           0          		           0          		           0          		           0          		           0          		           0          		           0          		           0          		           
    0.190996          		           0          		           0          		           0          		           0          		           0          		           0          		           0          		           0          		           0          		           
     1.33664          		           0          		           0          		           0          		           0          		           0          		           0          		           0          		           0          		           0          		           
     1.89739          		           0          		           0          		           0          		           0          		           0          		           0          		           0          		           0          		           0          		           
      1.1746          		           0          		           0          		           0          		           0          		           0          		           0          		           0          		           0          		           0          		           
    0.760264          		           0          		           0          		           0          		           0          		           0          		           0          		           0          		           0          		           0          		           
     3.86436          		           0          		           0          		           0          		           0          		           0          		           0          		           0          		           0          		           0          		           
           
           
   -0.326563          		           0          		           0          		           0          		           0          		           0          		           0          		           0          		           0          		           0          		           0          		           0          		           0          		           0          		           
      0.4342          		           0          		           0          		           0          		           0          		           0          		           0          		           0          		           0          		           0          		           0          		           0          		           0          		           0          		           
   -0.512995          		           0          		           0          		           0          		           0          		           0          		           0          		           0          		           0          		           0          		           0          		           0          		           0          		           0          		           
    0.214751          		           0          		           0          		           0          		           0          		           0          		           0          		           0          		           0          		           0          		           0          		           0          		           0          		           0          		           
   -0.694709          		           0          		           0          		           0          		           0          		           0          		           0          		           0          		           0          		           0          		           0          		           0          		           0          		           0          		           
   -0.890086          		           0          		           0          		           0          		           0          		           0          		           0          		           0          		           0          		           0          		           0          		           0          		           0          		           0          		           
   -0.963851          		           0          		           0          		           0          		           0          		           0          		           0          		           0          		           0          		           0          		           0          		           0          		           0          		           0          		           
   -0.519721          		           0          		           0          		           0          		           0          		           0          		           0          		           0          		           0          		           0          		           0          		           0          		           0          		           0          		           
    0.415877          		           0          		           0          		           0          		           0          		           0          		           0          		           0          		           0          		           0          		           0          		           0          		           0          		           0          		           
     1.85686          		           0          		           0          		           0          		           0          		           0          		           0          		           0          		           0          		           0          		           0          		           0          		           0          		           0          		           
    -1.22074          		           0          		           0          		           0          		           0          		           0          		           0          		           0          		           0          		           0          		           0          		           0          		           0          		           0          		           
    -0.15599          		           0          		           0          		           0          		           0          		           0          		           0          		           0          		           0          		           0          		           0          		           0          		           0          		           0          		           
    0.201905          		           0          		           0          		           0          		           0          		           0          		           0          		           0          		           0          		           0          		           0          		           0          		           0          		           0          		           
   -0.948968          		           0          		           0          		           0          		           0          		           0          		           0          		           0          		           0          		           0          		           0          		           0          		           0          		           0          		           
     3.58106          		           0          		           0          		           0          		           0          		           0          		           0          		           0          		           0          		           0          		           0          		           0          		           0          		           0          		           
           
           
     1.10002          		           0          		           0          		           0          		           0          		           0          		           0          		           0          		           0          		           0          		           0          		           0          		           0          		           0          		           0          		           0          		           0          		           0          		           
   -0.435461          		           0          		           0          		           0          		           0          		           0          		           0          		           0          		           0          		           0          		           0          		           0          		           0          		           0          		           0          		           0          		           0          		           0          		           
   -0.620982          		           0          		           0          		           0          		           0          		           0          		           0          		           0          		           0          		           0          		           0          		           0          		           0          		           0          		           0          		           0          		           0          		           0          		           
  -0.0766039          		           0          		           0          		           0          		           0          		           0          		           0          		           0          		           0          		           0          		           0          		           0          		           0          		           0          		           0          		           0          		           0          		           0          		           
   -0.303881          		           0          		           0          		           0          		           0          		           0          		           0          		           0          		           0          		           0          		           0          		           0          		           0          		           0          		           0          		           0          		           0          		           0          		           
    0.316385          		           0          		           0          		           0          		           0          		           0          		           0          		           0          		           0          		           0          		           0          		           0          		           0          		           0          		           0          		           0          		           0          		           0          		           
   -0.283811          		           0          		           0          		           0          		           0          		           0          		           0          		           0          		           0          		           0          		           0          		           0          		           0          		           0          		           0          		           0          		           0          		           0          		           
    0.283316          		           0          		           0          		           0          		           0          		           0          		           0          		           0          		           0          		           0          		           0          		           0          		           0          		           0          		           0          		           0          		           0          		           0          		           
  -0.0979299          		           0          		           0          		           0          		           0          		           0          		           0          		           0          		           0          		           0          		           0          		           0          		           0          		           0          		           0          		           0          		           0          		           0          		           
   -0.880919          		           0          		           0          		           0          		           0          		           0          		           0          		           0          		           0          		           0          		           0          		           0          		           0          		           0          		           0          		           0          		           0          		           0          		           
     1.03596          		           0          		           0          		           0          		           0          		           0          		           0          		           0          		           0          		           0          		           0          		           0          		           0          		           0          		           0          		           0          		           0          		           0          		           
    -1.00182          		           0          		           0          		           0          		           0          		           0          		           0          		           0          		           0          		           0          		           0          		           0          		           0          		           0          		           0          		           0          		           0          		           0          		           
     1.11009          		           0          		           0          		           0          		           0          		           0          		           0          		           0          		           0          		           0          		           0          		           0          		           0          		           0          		           0          		           0          		           0          		           0          		           
    -1.40898          		           0          		           0          		           0          		           0          		           0          		           0          		           0          		           0          		           0          		           0          		           0          		           0          		           0          		           0          		           0          		           0          		           0          		           
    -3.41075          		           0          		           0          		           0          		           0          		           0          		           0          		           0          		           0          		           0          		           0          		           0          		           0          		           0          		           0          		           0          		           0          		           0          		           
           
           
    0.370243          		           0          		           0          		           0          		           0          		           0          		           0          		           0          		           0          		           0          		           0          		           0          		           0          		           0          		           0          		           0          		           0          		           0          		           0          		           0          		           0          		           0          		           
   -0.198557          		           0          		           0          		           0          		           0          		           0          		           0          		           0          		           0          		           0          		           0          		           0          		           0          		           0          		           0          		           0          		           0          		           0          		           0          		           0          		           0          		           0          		           
    0.179253          		           0          		           0          		           0          		           0          		           0          		           0          		           0          		           0          		           0          		           0          		           0          		           0          		           0          		           0          		           0          		           0          		           0          		           0          		           0          		           0          		           0          		           
   -0.112728          		           0          		           0          		           0          		           0          		           0          		           0          		           0          		           0          		           0          		           0          		           0          		           0          		           0          		           0          		           0          		           0          		           0          		           0          		           0          		           0          		           0          		           
    0.719684          		           0          		           0          		           0          		           0          		           0          		           0          		           0          		           0          		           0          		           0          		           0          		           0          		           0          		           0          		           0          		           0          		           0          		           0          		           0          		           0          		           0          		           
   0.0293306          		           0          		           0          		           0          		           0          		           0          		           0          		           0          		           0          		           0          		           0          		           0          		           0          		           0          		           0          		           0          		           0          		           0          		           0          		           0          		           0          		           0          		           
    0.463134          		           0          		           0          		           0          		           0          		           0          		           0          		           0          		           0          		           0          		           0          		           0          		           0          		           0          		           0          		           0          		           0          		           0          		           0          		           0          		           0          		           0          		           
    0.325125          		           0          		           0          		           0          		           0          		           0          		           0          		           0          		           0          		           0          		           0          		           0          		           0          		           0          		           0          		           0          		           0          		           0          		           0          		           0          		           0          		           0          		           
   -0.319143          		           0          		           0          		           0          		           0          		           0          		           0          		           0          		           0          		           0          		           0          		           0          		           0          		           0          		           0          		           0          		           0          		           0          		           0          		           0          		           0          		           0          		           
   -0.640191          		           0          		           0          		           0          		           0          		           0          		           0          		           0          		           0          		           0          		           0          		           0          		           0          		           0          		           0          		           0          		           0          		           0          		           0          		           0          		           0          		           0          		           
   -0.700273          		           0          		           0          		           0          		           0          		           0          		           0          		           0          		           0          		           0          		           0          		           0          		           0          		           0          		           0          		           0          		           0          		           0          		           0          		           0          		           0          		           0          		           
   -0.938587          		           0          		           0          		           0          		           0          		           0          		           0          		           0          		           0          		           0          		           0          		           0          		           0          		           0          		           0          		           0          		           0          		           0          		           0          		           0          		           0          		           0          		           
    -2.61834          		           0          		           0          		           0          		           0          		           0          		           0          		           0          		           0          		           0          		           0          		           0          		           0          		           0          		           0          		           0          		           0          		           0          		           0          		           0          		           0          		           0          		           
     1.55426          		           0          		           0          		           0          		           0          		           0          		           0          		           0          		           0          		           0          		           0          		           0          		           0          		           0          		           0          		           0          		           0          		           0          		           0          		           0          		           0          		           0          		           
    -8.00772          		           0          		           0          		           0          		           0          		           0          		           0          		           0          		           0          		           0          		           0          		           0          		           0          		           0          		           0          		           0          		           0          		           0          		           0          		           0          		           0          		           0          		           
           
           
