   0.0220264          		           0          		           
    -3.14815          		           0          		           
    -5.47431          		           0          		           
    -5.60175          		           0          		           
    -2.76824          		           0          		           
     2.53041          		           0          		           
     3.24731          		           0          		           
     6.68539          		           0          		           
     14.9206          		           0          		           
     11.3174          		           0          		           
     7.93548          		           0          		           
     1.31915          		           0          		           
    -11.0345          		           0          		           
    -7.08333          		           0          		           
           0          		           0          		           
           
           
   -0.961183          		           0          		           0          		           0          		           0          		           0          		           
    -1.63677          		           0          		           0          		           0          		           0          		           0          		           
    -5.47783          		           0          		           0          		           0          		           0          		           0          		           
    -5.40275          		           0          		           0          		           0          		           0          		           0          		           
    -3.14631          		           0          		           0          		           0          		           0          		           0          		           
     -1.2775          		           0          		           0          		           0          		           0          		           0          		           
     1.45331          		           0          		           0          		           0          		           0          		           0          		           
     4.50271          		           0          		           0          		           0          		           0          		           0          		           
     4.58502          		           0          		           0          		           0          		           0          		           0          		           
     7.58661          		           0          		           0          		           0          		           0          		           0          		           
     5.46616          		           0          		           0          		           0          		           0          		           0          		           
     2.40864          		           0          		           0          		           0          		           0          		           0          		           
     1.71521          		           0          		           0          		           0          		           0          		           0          		           
    -12.3684          		           0          		           0          		           0          		           0          		           0          		           
           0          		           0          		           0          		           0          		           0          		           0          		           
           
           
   -0.760125          		           0          		           0          		           0          		           0          		           0          		           0          		           0          		           0          		           0          		           
    -4.90803          		           0          		           0          		           0          		           0          		           0          		           0          		           0          		           0          		           0          		           
    -5.70665          		           0          		           0          		           0          		           0          		           0          		           0          		           0          		           0          		           0          		           
    -3.80168          		           0          		           0          		           0          		           0          		           0          		           0          		           0          		           0          		           0          		           
   -0.694087          		           0          		           0          		           0          		           0          		           0          		           0          		           0          		           0          		           0          		           
      1.0641          		           0          		           0          		           0          		           0          		           0          		           0          		           0          		           0          		           0          		           
     2.19215          		           0          		           0          		           0          		           0          		           0          		           0          		           0          		           0          		           0          		           
      2.5924          		           0          		           0          		           0          		           0          		           0          		           0          		           0          		           0          		           0          		           
     4.26113          		           0          		           0          		           0          		           0          		           0          		           0          		           0          		           0          		           0          		           
     6.20219          		           0          		           0          		           0          		           0          		           0          		           0          		           0          		           0          		           0          		           
     2.38057          		           0          		           0          		           0          		           0          		           0          		           0          		           0          		           0          		           0          		           
     2.87645          		           0          		           0          		           0          		           0          		           0          		           0          		           0          		           0          		           0          		           
    -2.49117          		           0          		           0          		           0          		           0          		           0          		           0          		           0          		           0          		           0          		           
   -0.516432          		           0          		           0          		           0          		           0          		           0          		           0          		           0          		           0          		           0          		           
           0          		           0          		           0          		           0          		           0          		           0          		           0          		           0          		           0          		           0          		           
           
           
    -1.96869          		           0          		           0          		           0          		           0          		           0          		           0          		           0          		           0          		           0          		           0          		           0          		           0          		           0          		           
     -4.0006          		           0          		           0          		           0          		           0          		           0          		           0          		           0          		           0          		           0          		           0          		           0          		           0          		           0          		           
    -3.17806          		           0          		           0          		           0          		           0          		           0          		           0          		           0          		           0          		           0          		           0          		           0          		           0          		           0          		           
   -0.729367          		           0          		           0          		           0          		           0          		           0          		           0          		           0          		           0          		           0          		           0          		           0          		           0          		           0          		           
    0.944413          		           0          		           0          		           0          		           0          		           0          		           0          		           0          		           0          		           0          		           0          		           0          		           0          		           0          		           
   -0.929144          		           0          		           0          		           0          		           0          		           0          		           0          		           0          		           0          		           0          		           0          		           0          		           0          		           0          		           
    0.507798          		           0          		           0          		           0          		           0          		           0          		           0          		           0          		           0          		           0          		           0          		           0          		           0          		           0          		           
    0.873672          		           0          		           0          		           0          		           0          		           0          		           0          		           0          		           0          		           0          		           0          		           0          		           0          		           0          		           
     2.99061          		           0          		           0          		           0          		           0          		           0          		           0          		           0          		           0          		           0          		           0          		           0          		           0          		           0          		           
     2.94828          		           0          		           0          		           0          		           0          		           0          		           0          		           0          		           0          		           0          		           0          		           0          		           0          		           0          		           
     2.28477          		           0          		           0          		           0          		           0          		           0          		           0          		           0          		           0          		           0          		           0          		           0          		           0          		           0          		           
   -0.330189          		           0          		           0          		           0          		           0          		           0          		           0          		           0          		           0          		           0          		           0          		           0          		           0          		           0          		           
    -2.44186          		           0          		           0          		           0          		           0          		           0          		           0          		           0          		           0          		           0          		           0          		           0          		           0          		           0          		           
    -2.25434          		           0          		           0          		           0          		           0          		           0          		           0          		           0          		           0          		           0          		           0          		           0          		           0          		           0          		           
           0          		           0          		           0          		           0          		           0          		           0          		           0          		           0          		           0          		           0          		           0          		           0          		           0          		           0          		           
           
           
   -0.529561          		           0          		           0          		           0          		           0          		           0          		           0          		           0          		           0          		           0          		           0          		           0          		           0          		           0          		           0          		           0          		           0          		           0          		           
   -0.839161          		           0          		           0          		           0          		           0          		           0          		           0          		           0          		           0          		           0          		           0          		           0          		           0          		           0          		           0          		           0          		           0          		           0          		           
      1.6542          		           0          		           0          		           0          		           0          		           0          		           0          		           0          		           0          		           0          		           0          		           0          		           0          		           0          		           0          		           0          		           0          		           0          		           
     1.69078          		           0          		           0          		           0          		           0          		           0          		           0          		           0          		           0          		           0          		           0          		           0          		           0          		           0          		           0          		           0          		           0          		           0          		           
    -1.20213          		           0          		           0          		           0          		           0          		           0          		           0          		           0          		           0          		           0          		           0          		           0          		           0          		           0          		           0          		           0          		           0          		           0          		           
    -1.02638          		           0          		           0          		           0          		           0          		           0          		           0          		           0          		           0          		           0          		           0          		           0          		           0          		           0          		           0          		           0          		           0          		           0          		           
    -2.17879          		           0          		           0          		           0          		           0          		           0          		           0          		           0          		           0          		           0          		           0          		           0          		           0          		           0          		           0          		           0          		           0          		           0          		           
    -1.66352          		           0          		           0          		           0          		           0          		           0          		           0          		           0          		           0          		           0          		           0          		           0          		           0          		           0          		           0          		           0          		           0          		           0          		           
    -3.28421          		           0          		           0          		           0          		           0          		           0          		           0          		           0          		           0          		           0          		           0          		           0          		           0          		           0          		           0          		           0          		           0          		           0          		           
    -3.09127          		           0          		           0          		           0          		           0          		           0          		           0          		           0          		           0          		           0          		           0          		           0          		           0          		           0          		           0          		           0          		           0          		           0          		           
    -2.87072          		           0          		           0          		           0          		           0          		           0          		           0          		           0          		           0          		           0          		           0          		           0          		           0          		           0          		           0          		           0          		           0          		           0          		           
     -3.7464          		           0          		           0          		           0          		           0          		           0          		           0          		           0          		           0          		           0          		           0          		           0          		           0          		           0          		           0          		           0          		           0          		           0          		           
    0.179856          		           0          		           0          		           0          		           0          		           0          		           0          		           0          		           0          		           0          		           0          		           0          		           0          		           0          		           0          		           0          		           0          		           0          		           
    -1.18841          		           0          		           0          		           0          		           0          		           0          		           0          		           0          		           0          		           0          		           0          		           0          		           0          		           0          		           0          		           0          		           0          		           0          		           
           0          		           0          		           0          		           0          		           0          		           0          		           0          		           0          		           0          		           0          		           0          		           0          		           0          		           0          		           0          		           0          		           0          		           0          		           
           
           
     2.24792          		           0          		           0          		           0          		           0          		           0          		           0          		           0          		           0          		           0          		           0          		           0          		           0          		           0          		           0          		           0          		           0          		           0          		           0          		           0          		           0          		           0          		           
     5.28953          		           0          		           0          		           0          		           0          		           0          		           0          		           0          		           0          		           0          		           0          		           0          		           0          		           0          		           0          		           0          		           0          		           0          		           0          		           0          		           0          		           0          		           
     7.06414          		           0          		           0          		           0          		           0          		           0          		           0          		           0          		           0          		           0          		           0          		           0          		           0          		           0          		           0          		           0          		           0          		           0          		           0          		           0          		           0          		           0          		           
     4.06688          		           0          		           0          		           0          		           0          		           0          		           0          		           0          		           0          		           0          		           0          		           0          		           0          		           0          		           0          		           0          		           0          		           0          		           0          		           0          		           0          		           0          		           
     1.35247          		           0          		           0          		           0          		           0          		           0          		           0          		           0          		           0          		           0          		           0          		           0          		           0          		           0          		           0          		           0          		           0          		           0          		           0          		           0          		           0          		           0          		           
    0.965174          		           0          		           0          		           0          		           0          		           0          		           0          		           0          		           0          		           0          		           0          		           0          		           0          		           0          		           0          		           0          		           0          		           0          		           0          		           0          		           0          		           0          		           
   -0.621006          		           0          		           0          		           0          		           0          		           0          		           0          		           0          		           0          		           0          		           0          		           0          		           0          		           0          		           0          		           0          		           0          		           0          		           0          		           0          		           0          		           0          		           
    -1.34186          		           0          		           0          		           0          		           0          		           0          		           0          		           0          		           0          		           0          		           0          		           0          		           0          		           0          		           0          		           0          		           0          		           0          		           0          		           0          		           0          		           0          		           
    -2.22409          		           0          		           0          		           0          		           0          		           0          		           0          		           0          		           0          		           0          		           0          		           0          		           0          		           0          		           0          		           0          		           0          		           0          		           0          		           0          		           0          		           0          		           
    -3.31604          		           0          		           0          		           0          		           0          		           0          		           0          		           0          		           0          		           0          		           0          		           0          		           0          		           0          		           0          		           0          		           0          		           0          		           0          		           0          		           0          		           0          		           
    -1.83124          		           0          		           0          		           0          		           0          		           0          		           0          		           0          		           0          		           0          		           0          		           0          		           0          		           0          		           0          		           0          		           0          		           0          		           0          		           0          		           0          		           0          		           
     1.40706          		           0          		           0          		           0          		           0          		           0          		           0          		           0          		           0          		           0          		           0          		           0          		           0          		           0          		           0          		           0          		           0          		           0          		           0          		           0          		           0          		           0          		           
     3.31412          		           0          		           0          		           0          		           0          		           0          		           0          		           0          		           0          		           0          		           0          		           0          		           0          		           0          		           0          		           0          		           0          		           0          		           0          		           0          		           0          		           0          		           
     10.0977          		           0          		           0          		           0          		           0          		           0          		           0          		           0          		           0          		           0          		           0          		           0          		           0          		           0          		           0          		           0          		           0          		           0          		           0          		           0          		           0          		           0          		           
           0          		           0          		           0          		           0          		           0          		           0          		           0          		           0          		           0          		           0          		           0          		           0          		           0          		           0          		           0          		           0          		           0          		           0          		           0          		           0          		           0          		           0          		           
           
           
