         256           	         198           	           
         207           	         225           	           
         255           	         251           	           
         218           	         239           	           
         223           	         243           	           
         212           	         199           	           
         236           	         229           	           
         170           	         186           	           
         166           	         149           	           
         182           	         152           	           
         141           	         169           	           
         114           	         121           	           
          58           	          58           	           
          28           	          20           	           
           5           	           8           	           
           
         164           	         154           	         273           	         152           	         143           	         196           	           
         181           	         164           	         235           	         213           	         275           	         270           	           
         271           	         223           	         252           	         256           	         279           	         320           	           
         265           	         221           	         234           	         238           	         296           	         273           	           
         259           	         230           	         258           	         250           	         192           	         219           	           
         247           	         228           	         260           	         231           	         200           	         243           	           
         231           	         208           	         232           	         219           	         233           	         205           	           
         188           	         191           	         194           	         204           	         175           	         154           	           
         202           	         177           	         173           	         158           	         136           	         142           	           
         149           	         137           	         171           	         134           	         143           	         132           	           
         127           	         132           	         146           	         117           	         120           	         141           	           
          95           	         100           	         100           	          87           	         103           	         117           	           
          55           	          52           	          51           	          48           	          48           	          55           	           
          18           	          20           	          16           	          15           	          25           	          20           	           
           3           	           9           	          13           	          10           	           8           	           4           	           
           
         178           	          85           	          93           	         234           	         274           	         186           	          78           	         119           	         191           	         167           	           
         178           	         161           	         162           	         253           	         337           	         224           	         196           	         273           	         262           	         183           	           
         236           	         218           	         206           	         299           	         359           	         318           	         278           	         205           	         258           	         241           	           
         320           	         232           	         250           	         259           	         336           	         296           	         296           	         258           	         259           	         227           	           
         224           	         217           	         247           	         189           	         249           	         257           	         229           	         223           	         214           	         285           	           
         263           	         274           	         235           	         232           	         196           	         217           	         206           	         203           	         245           	         269           	           
         257           	         226           	         210           	         213           	         190           	         219           	         204           	         193           	         218           	         287           	           
         186           	         192           	         168           	         230           	         244           	         229           	         165           	         182           	         176           	         176           	           
         164           	         173           	         169           	         195           	         198           	         175           	         155           	         132           	         160           	         164           	           
         148           	         142           	         147           	         166           	         168           	         115           	         157           	         153           	         148           	         120           	           
         135           	         128           	         127           	         123           	         108           	         106           	         119           	         152           	         136           	         101           	           
          99           	          99           	         117           	          96           	          99           	         101           	          86           	         109           	         124           	         106           	           
          54           	          60           	          54           	          46           	          40           	          67           	          67           	          45           	          65           	          68           	           
          14           	          23           	           9           	          19           	          24           	          24           	          25           	          16           	          22           	          37           	           
           4           	           3           	           4           	           7           	          11           	          10           	          12           	           8           	           2           	           9           	           
           
         105           	         135           	          98           	         124           	         141           	         162           	         237           	         196           	          96           	          82           	         166           	         196           	         202           	         168           	           
         156           	         199           	         226           	         230           	         190           	         316           	         382           	         275           	         220           	         244           	         253           	         219           	         244           	         193           	           
         269           	         262           	         295           	         306           	         276           	         371           	         383           	         380           	         280           	         291           	         182           	         170           	         296           	         232           	           
         312           	         232           	         245           	         254           	         223           	         313           	         333           	         350           	         316           	         239           	         172           	         163           	         218           	         277           	           
         324           	         194           	         219           	         206           	         225           	         216           	         275           	         294           	         249           	         276           	         274           	         237           	         243           	         294           	           
         205           	         176           	         245           	         227           	         201           	         186           	         211           	         190           	         182           	         266           	         298           	         226           	         205           	         174           	           
         183           	         157           	         227           	         212           	         191           	         196           	         207           	         215           	         192           	         221           	         188           	         193           	         186           	         189           	           
         204           	         165           	         226           	         188           	         208           	         191           	         192           	         182           	         159           	         137           	         162           	         193           	         153           	         181           	           
         176           	         129           	         172           	         156           	         196           	         195           	         220           	         150           	         154           	         168           	         152           	         164           	         145           	         167           	           
         192           	         140           	         175           	         141           	         137           	         174           	         153           	         142           	         135           	         161           	         120           	         117           	         134           	         148           	           
         133           	         136           	         134           	         147           	         155           	          90           	         108           	         114           	         120           	         114           	         145           	         139           	         123           	         154           	           
          99           	         104           	          99           	          85           	          90           	          79           	          82           	          70           	          94           	          94           	         104           	         101           	          86           	          85           	           
          57           	          55           	          66           	          65           	          35           	          32           	          36           	          44           	          34           	          60           	          43           	          48           	          59           	          54           	           
          15           	          27           	          20           	          10           	          21           	          39           	          18           	          20           	          33           	          25           	          34           	          26           	          30           	          28           	           
           5           	          17           	           5           	           0           	           4           	          12           	           3           	           8           	           8           	           5           	           0           	           3           	           0           	           6           	           
           
          86           	         155           	         128           	          85           	         137           	         132           	         169           	         211           	         222           	         201           	         156           	         132           	         142           	         181           	         146           	         178           	         181           	         115           	           
         216           	         161           	         211           	         362           	         319           	         275           	         326           	         255           	         232           	         186           	         313           	         261           	         253           	         295           	         266           	         253           	         234           	         158           	           
         261           	         265           	         312           	         342           	         247           	         275           	         316           	         311           	         248           	         206           	         280           	         232           	         233           	         235           	         206           	         259           	         270           	         181           	           
         283           	         279           	         296           	         269           	         258           	         294           	         367           	         329           	         255           	         307           	         252           	         206           	         206           	         216           	         171           	         260           	         197           	         186           	           
         316           	         263           	         234           	         295           	         218           	         292           	         226           	         205           	         260           	         222           	         265           	         265           	         261           	         273           	         241           	         218           	         260           	         203           	           
         249           	         213           	         212           	         254           	         228           	         253           	         231           	         196           	         244           	         205           	         216           	         257           	         229           	         300           	         255           	         232           	         238           	         158           	           
         232           	         148           	         185           	         239           	         222           	         233           	         186           	         180           	         197           	         196           	         201           	         250           	         188           	         235           	         178           	         217           	         186           	         185           	           
         227           	         156           	         191           	         241           	         241           	         226           	         232           	         183           	         224           	         228           	         198           	         248           	         178           	         223           	         206           	         182           	         151           	         168           	           
         190           	         163           	         210           	         159           	         224           	         200           	         198           	         170           	         197           	         214           	         176           	         201           	         142           	         183           	         162           	         210           	         197           	         129           	           
         178           	         160           	         160           	         174           	         195           	         181           	         169           	         155           	         193           	         154           	         167           	         164           	         156           	         194           	         162           	         174           	         161           	         105           	           
         158           	         147           	         146           	         172           	         172           	         164           	         166           	         153           	         135           	         119           	         147           	         158           	         127           	         148           	         164           	         105           	         130           	         119           	           
         110           	          77           	         102           	          95           	         149           	         124           	         109           	          68           	          79           	          74           	          76           	          90           	         111           	         110           	         107           	          96           	          81           	          77           	           
          41           	          50           	          53           	          52           	          62           	          51           	          48           	          44           	          29           	          39           	          36           	          51           	          44           	          49           	          55           	          41           	          52           	          37           	           
          16           	          17           	          15           	          36           	          15           	          19           	          16           	          18           	          14           	          27           	          21           	          20           	          18           	          19           	          21           	          23           	          14           	          16           	           
           8           	           5           	           8           	           6           	           2           	           7           	           2           	           4           	           0           	           6           	           4           	           3           	           3           	           1           	           4           	           3           	           3           	           6           	           
           
          77           	         156           	         211           	         219           	         138           	         116           	         128           	         233           	         206           	         134           	          98           	          53           	          65           	         132           	         110           	         115           	         139           	         127           	         304           	         230           	         209           	         172           	           
         232           	         331           	         434           	         593           	         382           	         261           	         296           	         451           	         216           	         128           	          34           	          75           	          94           	         161           	         225           	         146           	         148           	         183           	         422           	         461           	         327           	         169           	           
         241           	         350           	         379           	         380           	         223           	         180           	         201           	         415           	         195           	         119           	          47           	          50           	          78           	         128           	         200           	         107           	          92           	         133           	         301           	         343           	         313           	         171           	           
         403           	         345           	         288           	         306           	         174           	         147           	         150           	         226           	         179           	         143           	          58           	          68           	         113           	          75           	         122           	          95           	         115           	         133           	         246           	         256           	         306           	         328           	           
         575           	         533           	         408           	         439           	         190           	         108           	         187           	         250           	         190           	         163           	         185           	         118           	         190           	         177           	         204           	          97           	         129           	         148           	         394           	         389           	         523           	         429           	           
         498           	         423           	         404           	         528           	         222           	          98           	         141           	         338           	         217           	         218           	         226           	         112           	         209           	         199           	         181           	         109           	         103           	         183           	         487           	         341           	         440           	         353           	           
         418           	         415           	         396           	         408           	         250           	         182           	         223           	         330           	         197           	         221           	         147           	         156           	         233           	         206           	         274           	         164           	         165           	         286           	         456           	         355           	         357           	         264           	           
         391           	         348           	         292           	         377           	         251           	         228           	         275           	         285           	         174           	         190           	         201           	         144           	         209           	         212           	         268           	         167           	         220           	         259           	         415           	         344           	         320           	         295           	           
         297           	         268           	         317           	         349           	         310           	         208           	         252           	         271           	         186           	         195           	         157           	         147           	         125           	         172           	         256           	         179           	         234           	         308           	         424           	         276           	         252           	         181           	           
         142           	         201           	         275           	         381           	         280           	         218           	         243           	         261           	         162           	         151           	          81           	          57           	         130           	         150           	         267           	         185           	         202           	         301           	         382           	         217           	         201           	         139           	           
         109           	         121           	         171           	         285           	         232           	         177           	         189           	         154           	          97           	          83           	          62           	          39           	          43           	          59           	         129           	         128           	         165           	         259           	         316           	         185           	         164           	         104           	           
          63           	          80           	         117           	         161           	         125           	          77           	          73           	          92           	          58           	          25           	          19           	          16           	          23           	          24           	          50           	          56           	          94           	         185           	         204           	          64           	          71           	          50           	           
          29           	          25           	          42           	          77           	          49           	          34           	          37           	          33           	          19           	          21           	          18           	          10           	          12           	           8           	          27           	          26           	          38           	          70           	          47           	          25           	          23           	          24           	           
          24           	          15           	          20           	          26           	          20           	          12           	          14           	          20           	          13           	          12           	          15           	           5           	          17           	           2           	           4           	           6           	           7           	          15           	          22           	          11           	          12           	          15           	           
          10           	           3           	           6           	           8           	           1           	           0           	           2           	           7           	           1           	           0           	           0           	           3           	           1           	           2           	           1           	           0           	           0           	           0           	           3           	           0           	           0           	           2           	           
           
